1.000000000 0.000000000 0.000000000 0.000000000 0.000000000 1.000000000 0.000000000 0.000000000 0.000000000 0.000000000 1.000000000 0.000000000
0.999992073 -0.002366586 -0.003202590 -0.003544601 0.002359979 0.999995053 -0.002065356 -0.009416839 0.003207462 0.002057781 0.999992728 0.666235864
0.999974251 -0.000757444 -0.007137071 -0.019229800 0.000729852 0.999992251 -0.003867857 -0.005481393 0.007139945 0.003862549 0.999967039 1.376119852
0.999927282 -0.001130755 -0.012007724 -0.014875282 0.001064969 0.999984384 -0.005483625 -0.011005679 0.012013736 0.005470438 0.999912858 2.084678411
0.999852419 0.000004025 -0.017180370 -0.031725094 -0.000104736 0.999982834 -0.005861095 -0.020543220 0.017180050 0.005862029 0.999835253 2.816249847
0.999764860 -0.000794160 -0.021669773 -0.050589424 0.000651898 0.999978185 -0.006571230 -0.023704439 0.021674519 0.006555559 0.999743581 3.560690403
0.999665678 0.000969266 -0.025837379 -0.076565333 -0.001158813 0.999972522 -0.007322206 -0.036794253 0.025829570 0.007349698 0.999639332 4.315133572
0.999521434 0.004472738 -0.030609513 -0.114038579 -0.004718799 0.999957085 -0.007971202 -0.046123166 0.030572547 0.008111828 0.999499619 5.087495804
0.999385953 0.003757665 -0.034836523 -0.145827904 -0.003967619 0.999974370 -0.005959656 -0.060626779 0.034813233 0.006094215 0.999375284 5.879396915
0.999195874 0.003042374 -0.039979592 -0.170187935 -0.003211773 0.999986112 -0.004173584 -0.054104619 0.039966337 0.004298633 0.999191761 6.675341606
0.999056995 0.002349332 -0.043354206 -0.208406985 -0.002398498 0.999996543 -0.001082056 -0.067257173 0.043351516 0.001185021 0.999059200 7.485768795
0.998941243 0.004299474 -0.045803532 -0.258738577 -0.004391071 0.999988556 -0.001899332 -0.074773900 0.045794845 0.002098448 0.998948634 8.301959038
0.998841107 0.003445776 -0.048005830 -0.305310369 -0.003576623 0.999990106 -0.002640008 -0.075014077 0.047996257 0.002808647 0.998843551 9.147913933
0.998758137 0.000770720 -0.049815681 -0.348205119 -0.000928643 0.999994636 -0.003147086 -0.090472631 0.049812984 0.003189439 0.998753488 9.987911224
0.998658717 0.000929156 -0.051767930 -0.394681573 -0.001075788 0.999995470 -0.002804684 -0.097057410 0.051765092 0.002856613 0.998655200 10.825567245
0.998603940 -0.000208758 -0.052821353 -0.453717977 0.000101478 0.999997914 -0.002033682 -0.115722522 0.052821666 0.002025483 0.998601913 11.673882484
0.998461664 0.001729093 -0.055418991 -0.495167762 -0.001965820 0.999989152 -0.004217354 -0.127944872 0.055411100 0.004319809 0.998454273 12.528904915
0.998381436 0.001960780 -0.056839429 -0.550340533 -0.002386626 0.999969602 -0.007425170 -0.131712005 0.056823142 0.007548806 0.998355746 13.389143944
0.998267591 0.006403004 -0.058487359 -0.610471368 -0.006975686 0.999929667 -0.009592627 -0.142209813 0.058421824 0.009983999 0.998242080 14.267946243
0.998212278 0.007132004 -0.059341688 -0.673005223 -0.007671852 0.999931216 -0.008874417 -0.160128459 0.059274312 0.009313813 0.998198271 15.152295113
0.998138785 0.005793110 -0.060707163 -0.736218512 -0.006226631 0.999956429 -0.006954425 -0.175411224 0.060664233 0.007319483 0.998131394 16.048728943
0.998077929 0.006973894 -0.061577879 -0.800500154 -0.007334988 0.999957204 -0.005639909 -0.188802496 0.061535910 0.006080742 0.998086333 16.946483612
0.998029053 0.006702686 -0.062394671 -0.867049634 -0.007096162 0.999956310 -0.006086766 -0.193179905 0.062351145 0.006517532 0.998032987 17.854167938
0.997856319 0.005706878 -0.065193988 -0.904913664 -0.006086539 0.999965668 -0.005626436 -0.227580845 0.065159641 0.006011181 0.997856736 18.696878433
0.997767687 0.004140091 -0.066651769 -0.961557746 -0.004576409 0.999969065 -0.006394878 -0.240901440 0.066623233 0.006685629 0.997755826 19.610446930
0.997738659 0.004995305 -0.067026623 -1.032230020 -0.005323295 0.999974728 -0.004715726 -0.247819394 0.067001365 0.005061865 0.997740030 20.541379929
0.997758925 0.006127384 -0.066630416 -1.105267286 -0.006258566 0.999978840 -0.001760244 -0.254093856 0.066618226 0.002173310 0.997776151 21.435890198
0.997801661 0.007815734 -0.065808170 -1.171251893 -0.007713822 0.999968648 0.001802568 -0.266495466 0.065820195 -0.001290973 0.997830689 22.368642807
0.997936785 0.006540885 -0.063870274 -1.235934734 -0.006242814 0.999968648 0.004865283 -0.278382957 0.063900091 -0.004456514 0.997946322 23.302904129
0.997977614 0.006431490 -0.063240334 -1.291828513 -0.006074705 0.999964535 0.005832394 -0.292212307 0.063275605 -0.005436432 0.997981310 24.229923248
0.998082042 0.006989706 -0.061509117 -1.356039286 -0.006860437 0.999973774 0.002312556 -0.293206185 0.061523668 -0.001886141 0.998103857 25.158929825
0.998120129 0.007794134 -0.060790088 -1.414855599 -0.007937873 0.999966264 -0.002123373 -0.305932313 0.060771484 0.002601925 0.998148322 26.102712631
0.998225927 0.005642102 -0.059272014 -1.488170505 -0.005899628 0.999973893 -0.004170731 -0.313341796 0.059246935 0.004513015 0.998233140 27.078289032
0.998301446 0.002336099 -0.058212738 -1.549381018 -0.002534764 0.999991238 -0.003339129 -0.319029301 0.058204424 0.003481013 0.998298645 28.030378342
0.998306930 0.002074430 -0.058128461 -1.619574547 -0.001999672 0.999997079 0.001344217 -0.329891026 0.058131084 -0.001225704 0.998308182 29.005578995
0.998269677 -0.002094872 -0.058763973 -1.682663083 0.002418059 0.999982357 0.005429183 -0.352118492 0.058751561 -0.005561883 0.998257160 29.980855942
0.998149574 -0.010343159 -0.059920598 -1.731924057 0.010660995 0.999930739 0.004987007 -0.358558863 0.059864867 -0.005616592 0.998190701 30.954204559
0.998025060 -0.012120948 -0.061636351 -1.793071866 0.012165331 0.999925911 0.000344852 -0.354675680 0.061627604 -0.001093997 0.998098612 31.938426971
0.997939110 -0.011957374 -0.063044369 -1.856679440 0.011778009 0.999925494 -0.003215952 -0.361994177 0.063078120 0.002466788 0.998005569 32.958641052
0.997907996 -0.009604162 -0.063932352 -1.941845775 0.009376461 0.999948561 -0.003860678 -0.374992549 0.063966148 0.003253143 0.997946739 33.931762695
0.997820318 -0.010230965 -0.065191843 -2.003370523 0.010049750 0.999944687 -0.003107038 -0.382007420 0.065220021 0.002445104 0.997867942 34.928241730
0.997703135 -0.007771739 -0.067291185 -2.066425323 0.007812158 0.999969423 0.000337541 -0.398694992 0.067286506 -0.000862455 0.997733295 35.931781769
0.997625768 -0.007156196 -0.068495333 -2.128736734 0.007292090 0.999971926 0.001734162 -0.416271836 0.068480998 -0.002229519 0.997649908 36.914737701
0.997571766 -0.007077400 -0.069285788 -2.211588860 0.007401270 0.999962866 0.004418811 -0.418266386 0.069251947 -0.004920884 0.997587085 37.940326691
0.997527421 -0.007183027 -0.069910049 -2.274687290 0.007705923 0.999944270 0.007212727 -0.427200854 0.069854349 -0.007733615 0.997527242 38.928146362
0.997541726 -0.001405439 -0.070060626 -2.360564709 0.002135363 0.999944210 0.010344669 -0.437127709 0.070042178 -0.010468844 0.997489095 39.927955627
0.997543275 -0.000772012 -0.070049025 -2.449916124 0.001416828 0.999957085 0.009155981 -0.437479585 0.070038952 -0.009232735 0.997501552 40.953121185
0.997567594 -0.000572088 -0.069703564 -2.528150558 0.001063369 0.999974847 0.007011240 -0.436897784 0.069697797 -0.007068307 0.997543097 41.941104889
0.997589886 0.001664514 -0.069366045 -2.608433247 -0.001296152 0.999984801 0.005355075 -0.450320154 0.069373913 -0.005252259 0.997576892 42.938480377
0.997500062 0.002150215 -0.070633061 -2.680197716 -0.001803434 0.999985993 0.004973021 -0.454446644 0.070642762 -0.004833207 0.997489989 43.912929535
0.997344017 0.000362000 -0.072834022 -2.743926525 0.000067610 0.999982595 0.005895932 -0.459067017 0.072834887 -0.005885197 0.997326672 44.907028198
0.997351706 0.000980381 -0.072723232 -2.830948830 -0.000453535 0.999973536 0.007260696 -0.473149776 0.072728433 -0.007208485 0.997325718 45.877784729
0.997366130 0.003409617 -0.072451524 -2.917133808 -0.003150799 0.999988258 0.003686289 -0.486338973 0.072463237 -0.003448299 0.997365117 46.844352722
0.997337103 0.004195098 -0.072808571 -3.001113653 -0.004258939 0.999990642 -0.000721603 -0.493060291 0.072804861 0.001029769 0.997345686 47.801448822
0.997280717 0.004528093 -0.073557638 -3.074172735 -0.004637444 0.999988377 -0.001315879 -0.507689357 0.073550828 0.001653420 0.997290075 48.753406525
0.997233629 0.004972378 -0.074164495 -3.146936655 -0.004864282 0.999986827 0.001638077 -0.528201222 0.074171662 -0.001272789 0.997244656 49.761989594
0.997256339 0.002552962 -0.073981479 -3.224718332 -0.002216217 0.999986827 0.004633479 -0.537003398 0.073992327 -0.004456807 0.997248828 50.733966827
0.997214735 0.001413707 -0.074570611 -3.295437098 -0.000994509 0.999983490 0.005658331 -0.554189384 0.074577376 -0.005568410 0.997199655 51.696826935
0.997165143 -0.003212748 -0.075175636 -3.357478857 0.003527833 0.999985516 0.004058904 -0.551747024 0.075161509 -0.004312605 0.997162044 52.650493622
0.997080982 -0.005993054 -0.076115713 -3.421215534 0.006203869 0.999977529 0.002533515 -0.559951961 0.076098815 -0.002998331 0.997095764 53.594589233
0.997024059 -0.006852034 -0.076785617 -3.506324530 0.007185630 0.999965906 0.004069070 -0.575674713 0.076755114 -0.004608714 0.997039318 54.546638489
0.996924222 -0.010564390 -0.077656373 -3.581265688 0.011263502 0.999899864 0.008570138 -0.587251782 0.077558056 -0.009418461 0.996943355 55.513248444
0.996905625 -0.011470335 -0.077766202 -3.660192490 0.012581509 0.999825418 0.013813783 -0.595666409 0.077594183 -0.014749455 0.996875942 56.449142456
0.996805370 -0.009717544 -0.079275496 -3.727165699 0.010993133 0.999816775 0.015670059 -0.594347358 0.079108693 -0.016491486 0.996729553 57.410621643
0.996718943 -0.009035476 -0.080434419 -3.809439659 0.010012602 0.999880791 0.011753049 -0.596002698 0.080318637 -0.012519844 0.996690631 58.362838745
0.996608615 -0.007132883 -0.081977651 -3.890345335 0.007441416 0.999966323 0.003458708 -0.596585155 0.081950217 -0.004057008 0.996628165 59.285598755
0.996539950 -0.005679396 -0.082921125 -3.976095915 0.005638558 0.999983847 -0.000726671 -0.610747695 0.082923912 0.000256601 0.996555865 60.182651520
0.996540427 -0.000912974 -0.083104469 -4.071044445 0.000928823 0.999999583 0.000152051 -0.621009409 0.083104290 -0.000228714 0.996540844 61.112152100
0.996440053 0.001827257 -0.084284484 -4.155977726 -0.001579646 0.999994218 0.003004393 -0.639887035 0.084289491 -0.002860558 0.996437192 62.007266998
0.996360838 0.004941677 -0.085092165 -4.237223625 -0.004589343 0.999980092 0.004335736 -0.654429078 0.085111894 -0.003929440 0.996363640 62.875427246
0.996329844 0.005833929 -0.085398003 -4.326787949 -0.005464080 0.999974668 0.004563993 -0.668658793 0.085422471 -0.004080621 0.996336460 63.730457306
0.996108234 0.007330820 -0.087833129 -4.396594524 -0.006948085 0.999965012 0.004662469 -0.672197640 0.087864228 -0.004034052 0.996124268 64.596298218
0.996017456 0.008381426 -0.088763334 -4.485700607 -0.007941125 0.999954343 0.005312379 -0.686071217 0.088803805 -0.004586341 0.996038556 65.433235168
0.995863378 0.008362175 -0.090477392 -4.558243752 -0.007895500 0.999953628 0.005514613 -0.692429662 0.090519309 -0.004777437 0.995883226 66.268951416
0.995746791 0.008161336 -0.091769762 -4.635322094 -0.007545771 0.999946654 0.007052697 -0.710019052 0.091822423 -0.006330227 0.995755255 67.098243713
0.995527387 0.010382469 -0.093900867 -4.711466789 -0.009544366 0.999910533 0.009370116 -0.709713042 0.093989752 -0.008431983 0.995537460 67.900062561
0.995432794 0.011801988 -0.094732620 -4.793792248 -0.010533014 0.999848127 0.013884207 -0.721106410 0.094882093 -0.012822974 0.995405912 68.694442749
0.995217621 0.015355387 -0.096468054 -4.870030403 -0.013914444 0.999781609 0.015592033 -0.725023329 0.096686415 -0.014175167 0.995213926 69.434539795
0.995096028 0.017586859 -0.097337477 -4.962731838 -0.016531887 0.999795675 0.011634270 -0.733033895 0.097522192 -0.009968044 0.995183408 70.217926025
0.994963646 0.018165037 -0.098576941 -5.039667130 -0.017798040 0.999831021 0.004601117 -0.748123288 0.098643862 -0.002823468 0.995118797 70.929199219
0.994850159 0.016820056 -0.099951401 -5.125615597 -0.017061161 0.999853253 -0.001557858 -0.745712996 0.099910527 0.003255122 0.994991124 71.673065186
0.994825900 0.018186852 -0.099953227 -5.205457211 -0.018566456 0.999823511 -0.002868824 -0.752053380 0.099883415 0.004709757 0.994988024 72.361976624
0.994693458 0.020464569 -0.100827366 -5.281890392 -0.020524323 0.999789238 0.000444797 -0.758447349 0.100815222 0.001626977 0.994903862 73.032989502
0.994572878 0.020956246 -0.101909913 -5.351438999 -0.020803371 0.999780297 0.002562792 -0.767915785 0.101941235 -0.000428813 0.994790316 73.669204712
0.994470596 0.017661572 -0.103519827 -5.418177605 -0.017803282 0.999841392 -0.000445037 -0.786369622 0.103495553 0.002285569 0.994627297 74.326004028
0.994623601 0.009273690 -0.103140369 -5.474269867 -0.009880121 0.999936759 -0.005370330 -0.802212536 0.103084043 0.006360496 0.994652331 74.915351868
0.994742453 0.005228178 -0.102274477 -5.527471542 -0.006313594 0.999927104 -0.010291940 -0.812972605 0.102213219 0.010883549 0.994702995 75.554885864
0.995052159 0.008045222 -0.099027656 -5.596034527 -0.009156250 0.999900103 -0.010770009 -0.821926713 0.098931111 0.011623443 0.995026410 76.140815735
0.995405138 0.012555746 -0.094925836 -5.656270504 -0.013347749 0.999881148 -0.007713011 -0.834861040 0.094817713 0.008944618 0.995454490 76.711341858
0.995858550 0.011190834 -0.090225011 -5.703354836 -0.011597584 0.999924779 -0.003985154 -0.854949176 0.090173632 0.005015041 0.995913446 77.264373779
0.996382475 0.008231496 -0.084582515 -5.741113186 -0.008275244 0.999965727 -0.000166620 -0.859798729 0.084578253 0.000865958 0.996416450 77.822898865
0.997086048 0.003131712 -0.076221004 -5.777227402 -0.002867243 0.999989510 0.003578953 -0.876766741 0.076231405 -0.003349980 0.997084498 78.344619751
0.997850418 0.006654793 -0.065194190 -5.819619179 -0.006409756 0.999971569 0.003967006 -0.901044548 0.065218732 -0.003540600 0.997864723 78.855476379
0.998647034 0.012574499 -0.050457358 -5.833809853 -0.012455142 0.999918818 0.002679237 -0.890184999 0.050486952 -0.002047158 0.998722613 79.382812500
0.999318063 0.017692322 -0.032409936 -5.851023674 -0.017593557 0.999839664 0.003329979 -0.898838401 0.032463655 -0.002757502 0.999469101 79.873718262
0.999812782 0.016059531 -0.010791494 -5.836179256 -0.016019227 0.999864399 0.003810981 -0.902479708 0.010851232 -0.003637396 0.999934494 80.356369019
0.999804854 0.012735817 0.015101247 -5.802825928 -0.012807016 0.999907255 0.004627534 -0.909426272 -0.015040913 -0.004820033 0.999875247 80.838455200
0.998945594 0.011060799 0.044557814 -5.763592243 -0.011324948 0.999919713 0.005680163 -0.908743560 -0.044491407 -0.006178788 0.998990655 81.289299011
0.996973753 0.010924821 0.076967724 -5.699465752 -0.011576246 0.999900818 0.008022532 -0.926727712 -0.076872446 -0.008889250 0.997001290 81.742568970
0.993332744 0.010427437 0.114809752 -5.621810436 -0.011358860 0.999907672 0.007461513 -0.923947453 -0.114721343 -0.008715874 0.993359447 82.163146973
0.987577498 0.010482146 0.156782776 -5.532248497 -0.011712282 0.999907434 0.006924288 -0.923309743 -0.156695694 -0.008674555 0.987608850 82.599235535
0.979330122 0.010219183 0.202010125 -5.418663502 -0.011936160 0.999902248 0.007283085 -0.935738206 -0.201915950 -0.009543770 0.979356349 83.018684387
0.968019903 0.012276877 0.250572771 -5.273356438 -0.014090735 0.999885917 0.005446069 -0.948341131 -0.250477344 -0.008802658 0.968082428 83.428016663
0.952579439 0.013400290 0.303994894 -5.128335476 -0.014838981 0.999886990 0.002422845 -0.957494795 -0.303928077 -0.006818926 0.952670574 83.810455322
0.933113039 0.014207247 0.359302402 -4.943986893 -0.015235896 0.999883950 0.000031217 -0.959008753 -0.359260261 -0.005503423 0.933221161 84.167892456
0.909585714 0.014053135 0.415278554 -4.743896008 -0.014873332 0.999888599 -0.001259390 -0.970466971 -0.415250003 -0.005031053 0.909693420 84.482368469
0.880777836 0.013799607 0.473328561 -4.523493767 -0.014082623 0.999896467 -0.002946188 -0.980302095 -0.473320216 -0.004070770 0.880881011 84.811073303
0.847308874 0.012951378 0.530942559 -4.279290676 -0.011632513 0.999915361 -0.005827279 -0.979901612 -0.530973077 -0.001238691 0.847387791 85.126579285
0.810978651 0.012748834 0.584936798 -4.022124290 -0.010574143 0.999918640 -0.007133063 -0.991123974 -0.584980190 -0.000400444 0.811047494 85.402275085
0.770639718 0.011302280 0.637170851 -3.754711151 -0.010016275 0.999934018 -0.005622660 -1.006281734 -0.637192309 -0.002049032 0.770702124 85.682571411
0.730022907 0.010714987 0.683338642 -3.445438385 -0.009967552 0.999937654 -0.005030854 -0.998386145 -0.683349967 -0.003138576 0.730084181 85.912322998
0.684283972 0.009476614 0.729154110 -3.142610550 -0.011025586 0.999935687 -0.002648786 -1.029429197 -0.729132295 -0.006226828 0.684344471 86.150421143
0.638611674 0.007925618 0.769488335 -2.813295364 -0.005886833 0.999967992 -0.005413942 -1.024642110 -0.769506574 -0.001072443 0.638637900 86.354194641
0.595867157 0.004552538 0.803070068 -2.463254929 0.002124619 0.999971509 -0.007245195 -1.020264268 -0.803080201 0.006023392 0.595840573 86.486000061
0.549175739 0.006573589 0.835681081 -2.129077911 0.000449549 0.999966621 -0.008161308 -1.029572248 -0.835706830 0.004857672 0.549154401 86.663681030
0.502396286 0.009561770 0.864584684 -1.794487000 -0.004000913 0.999953866 -0.008734003 -1.041342974 -0.864628315 0.000928803 0.502411366 86.818557739
0.457102776 0.012483220 0.889326334 -1.443893433 -0.003959744 0.999920130 -0.012000334 -1.038651109 -0.889405131 0.001963882 0.457115710 86.963676453
0.414609492 0.008069099 0.909963667 -1.092174530 0.003738282 0.999937117 -0.010570224 -1.060883045 -0.909991801 0.007784216 0.414553285 87.085174561
0.375559628 0.000746303 0.926798046 -0.720985413 0.018327851 0.999798119 -0.008231953 -1.062562943 -0.926617086 0.020077802 0.375470161 87.171463013
0.339294255 -0.003243553 0.940674663 -0.361782074 0.022652920 0.999732256 -0.004723545 -1.071982265 -0.940407515 0.022911701 0.339276850 87.273361206
0.306864381 0.001023388 0.951752722 -0.030361176 0.020587310 0.999758303 -0.007712775 -1.074352503 -0.951530635 0.021960802 0.306769192 87.356117249
0.275143325 0.008678710 0.961364031 0.331901550 0.009561736 0.999885082 -0.011763038 -1.091010094 -0.961355686 0.012428831 0.275028765 87.463134766
0.247556567 0.013593321 0.968778253 0.716636658 0.005106195 0.999869406 -0.015334388 -1.102565289 -0.968860149 0.008742901 0.247454822 87.546966553
0.221808076 0.013978554 0.974990129 1.103256226 0.007025825 0.999848366 -0.015933309 -1.123522878 -0.975064993 0.010384247 0.221676230 87.613891602
0.198799908 0.015639354 0.979915321 1.506652832 0.013434620 0.999735236 -0.018681221 -1.134415865 -0.979947984 0.016878616 0.198537171 87.665504456
0.178748786 0.022215400 0.983643949 1.911331177 0.021519084 0.999417663 -0.026482116 -1.129199028 -0.983659446 0.025900763 0.178166628 87.715339661
0.158882439 0.028789291 0.986877799 2.329277039 0.023167791 0.999190807 -0.032878395 -1.132685661 -0.987025738 0.028087579 0.158086836 87.766792297
0.142202020 0.029666713 0.989392936 2.767501831 0.020710023 0.999242783 -0.032938637 -1.149419427 -0.989620984 0.025174294 0.141479969 87.816864014
0.126612961 0.025191041 0.991632342 3.238601685 0.019439580 0.999422491 -0.027871013 -1.167433262 -0.991761804 0.022805747 0.126050115 87.876167297
0.111855268 0.021934077 0.993482411 3.711524963 0.020305298 0.999497175 -0.024353025 -1.184981346 -0.993516982 0.022896970 0.111353636 87.926902771
0.098260581 0.019452240 0.994970500 4.186088562 0.021866005 0.999525368 -0.021700716 -1.204198599 -0.994920433 0.023888355 0.097788572 87.969131470
0.086507738 0.018346027 0.996082187 4.684020996 0.025444694 0.999463558 -0.020618124 -1.219178438 -0.995926142 0.027128635 0.085994542 88.001533508
0.076729417 0.018996565 0.996870995 5.194610596 0.028651295 0.999363601 -0.021249361 -1.235137224 -0.996640205 0.030192096 0.076136291 88.025680542
0.068797350 0.020070419 0.997428775 5.728706360 0.031003531 0.999271691 -0.022245962 -1.242020726 -0.997148871 0.032454278 0.068124950 88.059692383
0.063255489 0.019454097 0.997807801 6.278106689 0.032096881 0.999253154 -0.021517046 -1.268655777 -0.997481167 0.033387590 0.062583804 88.085014343
0.057597339 0.021405904 0.998110414 6.847183228 0.033662334 0.999159992 -0.023370946 -1.273072958 -0.997772217 0.034944832 0.056828380 88.109779358
0.051623344 0.021997055 0.998424351 7.426208496 0.033913478 0.999142170 -0.023766361 -1.290066957 -0.998090684 0.035086945 0.050833046 88.139060974
0.047604620 0.021999059 0.998624086 8.034492493 0.036393553 0.999055445 -0.023743458 -1.308875799 -0.998203158 0.037473775 0.046759009 88.160110474
0.044293582 0.021592844 0.998785198 8.651313782 0.038609833 0.998982489 -0.023309361 -1.331813574 -0.998272240 0.039595384 0.043414831 88.189300537
0.041311085 0.021309260 0.998919129 9.291557312 0.039790068 0.998944342 -0.022955351 -1.347501993 -0.998353720 0.040695369 0.040419579 88.211433411
0.039252579 0.020492636 0.999019265 9.963630676 0.041837521 0.998879254 -0.022133613 -1.370583296 -0.998353124 0.042665288 0.038351238 88.230560303
0.038793087 0.019930501 0.999048531 10.649673462 0.046631355 0.998675704 -0.021733765 -1.389373183 -0.998158634 0.047430109 0.037812352 88.246391296
0.040013433 0.019467305 0.999009550 11.335189819 0.050263409 0.998505175 -0.021470685 -1.408419728 -0.997934163 0.051072735 0.038975120 88.265144348
0.042211354 0.019375723 0.998920918 12.037521362 0.051753197 0.998427272 -0.021553092 -1.429333210 -0.997767568 0.052607134 0.041142225 88.297248840
0.045984983 0.019376289 0.998754203 12.761230469 0.054112930 0.998295546 -0.021858877 -1.448321342 -0.997475445 0.055050693 0.044858098 88.329231262
0.050409794 0.018919641 0.998549402 13.504402161 0.054552771 0.998275757 -0.021668443 -1.465959072 -0.997237623 0.055565938 0.049290776 88.364448547
0.054236174 0.017261310 0.998378992 14.252243042 0.055654220 0.998244047 -0.020282358 -1.484935284 -0.996976018 0.056664042 0.053180277 88.416625977
0.058314443 0.015898634 0.998171687 15.026298523 0.055648614 0.998266757 -0.019151211 -1.502120495 -0.996746063 0.056663662 0.057328641 88.454605103
0.062352002 0.013855916 0.997958064 15.803756714 0.052750703 0.998460293 -0.017158730 -1.518888474 -0.996659279 0.053712867 0.061525047 88.515121460
0.066423118 0.012500085 0.997713268 16.588447571 0.053071640 0.998461843 -0.016042728 -1.539358139 -0.996379197 0.054015886 0.065657556 88.567665100
0.070510566 0.013643065 0.997417748 17.413764954 0.049147025 0.998644590 -0.017134203 -1.566668987 -0.996299565 0.050228253 0.069744468 88.633987427
0.073073983 0.018712439 0.997151017 18.217243195 0.046978936 0.998649538 -0.022183310 -1.578562737 -0.996219516 0.048466112 0.072096169 88.716705322
0.075260460 0.023082141 0.996896863 19.035846710 0.041834947 0.998778760 -0.026284041 -1.614601493 -0.996286035 0.043683276 0.074202895 88.771446228
0.075169265 0.025831748 0.996836126 19.842025757 0.039145540 0.998817384 -0.028834969 -1.651167274 -0.996402085 0.041189194 0.074069142 88.833389282
0.074699402 0.025762253 0.996873260 20.666538239 0.036772467 0.998915195 -0.028570522 -1.675834775 -0.996527910 0.038791690 0.073671043 88.909378052
0.075871110 0.023279969 0.996845901 21.479423523 0.034622524 0.999063075 -0.025966913 -1.722997546 -0.996516407 0.036483459 0.074994028 88.960281372
0.074814439 0.021837197 0.996958435 22.286392212 0.034048557 0.999121308 -0.024439670 -1.759838343 -0.996616066 0.035773434 0.074005127 89.037597656
0.074682474 0.022075895 0.996962965 23.108467102 0.031390622 0.999207437 -0.024477066 -1.773262620 -0.996713221 0.033123296 0.073930323 89.120903015
0.075809062 0.022025535 0.996879041 23.935142517 0.031625263 0.999199927 -0.024481803 -1.809344888 -0.996620715 0.033382509 0.075051844 89.169685364
0.075943530 0.022919422 0.996848822 24.748756409 0.028757514 0.999269545 -0.025165940 -1.835887432 -0.996697545 0.030578082 0.075228930 89.237518311
0.074728012 0.023644028 0.996923566 25.563632965 0.025646606 0.999342620 -0.025623836 -1.876257420 -0.996874094 0.027482525 0.074072540 89.309150696
0.071674883 0.023404209 0.997153461 26.371150970 0.022902792 0.999422491 -0.025103709 -1.904680133 -0.997165143 0.024636904 0.071097493 89.367362976
0.068439484 0.021775000 0.997417688 27.192684174 0.019490451 0.999541819 -0.023158746 -1.946777105 -0.997464895 0.021025093 0.067983687 89.433372498
0.063713610 0.019908179 0.997769654 28.013919830 0.018856402 0.999598503 -0.021148764 -1.969107509 -0.997790039 0.020161808 0.063312590 89.482574463
0.056955934 0.017703407 0.998219788 28.824722290 0.016657706 0.999686718 -0.018679872 -2.000561476 -0.998237789 0.017691981 0.056643188 89.538146973
0.049293518 0.018121839 0.998619974 29.630821228 0.015964463 0.999693334 -0.018929353 -2.027379036 -0.998656809 0.016875526 0.048989117 89.582328796
0.041117609 0.018921874 0.998975158 30.446540833 0.014947332 0.999697149 -0.019550780 -2.060363054 -0.999042511 0.015735896 0.040822327 89.609436035
0.031821370 0.019334894 0.999306679 31.252590179 0.015417720 0.999684393 -0.019833161 -2.083977461 -0.999374747 0.016038148 0.031513214 89.629013062
0.020551443 0.018427245 0.999619067 32.048603058 0.016362727 0.999689996 -0.018764963 -2.112989187 -0.999654949 0.016742142 0.020243585 89.653793335
0.010508835 0.017371470 0.999793887 32.850265503 0.015948473 0.999719024 -0.017537804 -2.137562752 -0.999817610 0.016129488 0.010228813 89.649841309
-0.001185894 0.016508244 0.999863148 33.642391205 0.017350622 0.999713540 -0.016485196 -2.160592318 -0.999848843 0.017328694 -0.001471996 89.651885986
-0.012053132 0.016883718 0.999784946 34.440822601 0.017231004 0.999712467 -0.016674766 -2.187567711 -0.999778986 0.017026315 -0.012340665 89.646408081
-0.022760391 0.017611621 0.999585748 35.223945618 0.017843852 0.999692678 -0.017207200 -2.212871313 -0.999581575 0.017444817 -0.023067713 89.620147705
-0.032788396 0.018806661 0.999285400 35.997817993 0.017423799 0.999681771 -0.018242415 -2.236195803 -0.999310434 0.016813207 -0.033105612 89.582122803
-0.043648958 0.020191580 0.998842955 36.777137756 0.018458541 0.999641359 -0.019401094 -2.256211519 -0.998876452 0.017590350 -0.044005990 89.558349609
-0.052969813 0.020427488 0.998387158 37.533622742 0.019428048 0.999622583 -0.019422002 -2.286727905 -0.998407066 0.018367931 -0.053346753 89.511932373
-0.062487721 0.021273173 0.997819006 38.291934967 0.019988265 0.999598980 -0.020059371 -2.309642315 -0.997845590 0.018691206 -0.062887788 89.460464478
-0.071838498 0.021066679 0.997193933 39.023471832 0.020460473 0.999597669 -0.019643478 -2.339910984 -0.997206569 0.018991902 -0.072240591 89.405883789
-0.080791116 0.020820042 0.996513605 39.791847229 0.021745579 0.999580681 -0.019121125 -2.363512516 -0.996493816 0.020124950 -0.081210017 89.349235535
-0.088240743 0.020337563 0.995891571 40.529411316 0.023665734 0.999552131 -0.018315421 -2.377437592 -0.995818019 0.021952337 -0.088682532 89.287078857
-0.093212843 0.018454239 0.995475173 41.260707855 0.026916828 0.999509513 -0.016008632 -2.401759624 -0.995282292 0.025302825 -0.093663812 89.208145142
-0.096680284 0.016967958 0.995170832 41.976776123 0.030473990 0.999436378 -0.014080156 -2.422419071 -0.994848847 0.028965555 -0.097142816 89.130493164
-0.099710107 0.015640141 0.994893670 42.692310333 0.031527899 0.999424040 -0.012551579 -2.445297718 -0.994516969 0.030115385 -0.100145817 89.061645508
-0.101326704 0.014856021 0.994742215 43.382144928 0.031799991 0.999425948 -0.011686746 -2.467896700 -0.994344771 0.030448616 -0.101740956 88.988075256
-0.102257133 0.015268601 0.994640827 44.064750671 0.032922193 0.999386370 -0.011956783 -2.486868858 -0.994213104 0.031523094 -0.102697134 88.920211792
-0.101079226 0.016429566 0.994742751 44.726131439 0.033938807 0.999338627 -0.013056839 -2.499199390 -0.994299412 0.032440610 -0.101569891 88.849090576
-0.097736835 0.018351590 0.995043218 45.357215881 0.034807123 0.999281287 -0.015010876 -2.519915104 -0.994603574 0.033167474 -0.098305345 88.787956238
-0.093036890 0.018341560 0.995493889 45.970386505 0.034336425 0.999294698 -0.015202582 -2.541320801 -0.995070577 0.032767296 -0.093601108 88.740142822
-0.085324407 0.018872438 0.996174574 46.562274933 0.033258893 0.999317348 -0.016083293 -2.566821098 -0.995798111 0.031759366 -0.085893869 88.698287964
-0.073436737 0.018804345 0.997122526 47.122066498 0.033055063 0.999318779 -0.016411303 -2.595030785 -0.996751904 0.031754754 -0.074008226 88.642456055
-0.059841156 0.018994588 0.998027265 47.690639496 0.031969756 0.999342501 -0.017102737 -2.616374493 -0.997695863 0.030883241 -0.060409069 88.622863770
-0.042663574 0.020168340 0.998886108 48.225185394 0.031397913 0.999329448 -0.018836260 -2.637555838 -0.998596191 0.030559313 -0.043268204 88.610473633
-0.021337867 0.022737542 0.999513924 48.777702332 0.028308937 0.999354243 -0.022129571 -2.661044598 -0.999371588 0.027822977 -0.021967769 88.614921570
0.002911627 0.025290247 0.999675989 49.302871704 0.027282551 0.999306023 -0.025360353 -2.690554619 -0.999623656 0.027347550 0.002219677 88.641487122
0.031847179 0.027397512 0.999117374 49.763927460 0.025583545 0.999274373 -0.028217310 -2.708084583 -0.999165416 0.026459603 0.031123102 88.664291382
0.066574216 0.027230497 0.997409999 50.264884949 0.023584805 0.999305308 -0.028856466 -2.725761414 -0.997502863 0.025444815 0.065885723 88.697280884
0.103371680 0.024829550 0.994332850 50.784652710 0.022861397 0.999364972 -0.027331896 -2.745101690 -0.994380057 0.025557183 0.102738440 88.782493591
0.146336615 0.021936661 0.988991618 51.283058167 0.021112861 0.999457121 -0.025292767 -2.755582809 -0.989009500 0.024581699 0.145793974 88.875274658
0.191123605 0.016584557 0.981425941 51.763118744 0.018130172 0.999627054 -0.020422813 -2.788092613 -0.981398642 0.021696702 0.190751612 88.990859985
0.239224613 0.013811655 0.970866084 52.265228271 0.012107464 0.999778628 -0.017206291 -2.806741238 -0.970888853 0.015870893 0.239004433 89.155242920
0.289839625 0.011858070 0.957001805 52.734985352 0.009472810 0.999838710 -0.015257813 -2.824302912 -0.957028389 0.013487816 0.289680600 89.338287354
0.345376909 0.011877462 0.938388944 53.191219330 0.008594463 0.999837935 -0.015818460 -2.837076187 -0.938424706 0.013528280 0.345218897 89.532394409
0.402964234 0.012554640 0.915129662 53.621452332 0.011040978 0.999766469 -0.018577509 -2.847528458 -0.915149212 0.017589998 0.402731538 89.753692627
0.461194515 0.016901918 0.887138128 53.987773895 0.010215271 0.999651134 -0.024356131 -2.862303734 -0.887240291 0.020295270 0.460860968 89.990318298
0.517312288 0.022235185 0.855507791 54.342750549 0.011034563 0.999405980 -0.032647621 -2.856487751 -0.855725586 0.026329171 0.516759634 90.289276123
0.575369120 0.025130181 0.817507744 54.712593079 0.006987004 0.999340355 -0.035637226 -2.886354923 -0.817864060 0.026216488 0.574813962 90.596969604
0.631065965 0.029857084 0.775154471 55.040958405 0.002480841 0.999176204 -0.040505562 -2.883115292 -0.775725245 0.027484717 0.630472004 90.919647217
0.684235990 0.031236771 0.728591442 55.368476868 -0.000027164 0.999083340 -0.042808019 -2.895468712 -0.729260683 0.029270999 0.683609605 91.261985779
0.733222961 0.030498698 0.679304063 55.673862457 -0.001706245 0.999073029 -0.043013684 -2.905401230 -0.679986179 0.030379562 0.732595325 91.626319885
0.777140796 0.026605491 0.628764212 55.925308228 -0.004303086 0.999307275 -0.036966097 -2.932679892 -0.629312098 0.026022237 0.776716948 92.023223877
0.817105174 0.025302375 0.575933158 56.150074005 -0.007473147 0.999417305 -0.033304706 -2.919761181 -0.576440275 0.022909416 0.816818118 92.431266785
0.854684532 0.025997285 0.518496394 56.401191711 -0.012108889 0.999471962 -0.030153109 -2.905488729 -0.519006491 0.019492982 0.854548037 92.870437622
0.885408461 0.013157682 0.464627504 56.604389191 -0.006168790 0.999843836 -0.016558923 -2.968808651 -0.464772820 0.011795221 0.885351419 93.303527832
0.910771608 0.013497032 0.412689865 56.768276215 -0.009862136 0.999891579 -0.010936580 -2.986388445 -0.412792742 0.005890722 0.910805941 93.745597839
0.930528343 0.016090233 0.365866274 56.915546417 -0.014061323 0.999867439 -0.008209668 -2.991434813 -0.365949839 0.002494765 0.930631220 94.203620911
0.944008112 0.022918792 0.329125196 56.975936890 -0.022137595 0.999736190 -0.006121309 -3.005012989 -0.329178661 -0.001507475 0.944266438 94.621696472
0.955728590 0.026345870 0.293067932 57.092479706 -0.025795290 0.999650717 -0.005743969 -3.022774696 -0.293116927 -0.002070095 0.956074357 95.100440979
0.964082956 0.030301839 0.263867050 57.169391632 -0.029706314 0.999539137 -0.006247549 -3.033776999 -0.263934761 -0.001815362 0.964538813 95.529029846
0.970717609 0.023032198 0.239116743 57.323226929 -0.022279466 0.999734640 -0.005850761 -3.030584335 -0.239188060 0.000352043 0.970973194 95.915458679
0.974551558 0.020443713 0.223229229 57.427349091 -0.019638544 0.999790192 -0.005826517 -3.036833525 -0.223301500 0.001294344 0.974748552 96.404319763
0.977063119 0.025342532 0.211436644 57.505062103 -0.024590295 0.999678493 -0.006186781 -3.045907497 -0.211525455 0.000845586 0.977372110 96.899780273
0.979237735 0.029743079 0.200521380 57.606208801 -0.029178042 0.999557555 -0.005773355 -3.048693180 -0.200604379 -0.000197333 0.979672313 97.399047852
0.980026960 0.036126379 0.195555732 57.680892944 -0.035600733 0.999346852 -0.006203366 -3.057388306 -0.195652112 -0.000882462 0.980672956 97.916183472
0.980462670 0.042956967 0.191957399 57.775310516 -0.041730728 0.999074459 -0.010428277 -3.059389353 -0.192227706 0.002214015 0.981347859 98.454635620
0.980657697 0.044170432 0.190681666 57.891437531 -0.042506091 0.999014080 -0.012811696 -3.082588673 -0.191059560 0.004458757 0.981568336 98.931625366
0.980276048 0.042706806 0.192963779 58.002666473 -0.040211100 0.999049425 -0.016833387 -3.091600657 -0.193499237 0.008742081 0.981061459 99.479454041
0.979620576 0.041511521 0.196520433 58.120777130 -0.037794642 0.999029279 -0.022627741 -3.112201452 -0.197268978 0.014739182 0.980238616 100.031250000
0.978871346 0.041392274 0.200243905 58.241611481 -0.036648922 0.998954177 -0.027338715 -3.123858213 -0.201166108 0.019422362 0.979364574 100.597732544
0.977606595 0.045446664 0.205474913 58.350101471 -0.040834121 0.998810828 -0.026635440 -3.140265703 -0.206441075 0.017648594 0.978299856 101.171104431
0.976110518 0.048786134 0.211726621 58.458957672 -0.045043617 0.998732388 -0.022466430 -3.162727833 -0.212554291 0.012392787 0.977070689 101.769752502
0.975332856 0.046118464 0.215867847 58.605171204 -0.043274034 0.998903096 -0.017887294 -3.178816080 -0.216455996 0.008104593 0.976258755 102.373130798
0.974539220 0.041969929 0.220253944 58.737800598 -0.040182259 0.999113023 -0.012592353 -3.192111969 -0.220587075 0.003421441 0.975361288 102.983695984
0.973744810 0.039233048 0.224235997 58.886482239 -0.038357373 0.999229908 -0.008261574 -3.204253197 -0.224387452 -0.000556438 0.974499881 103.655601501
0.973220944 0.034232851 0.227308303 59.037414551 -0.033215333 0.999413729 -0.008301169 -3.207758904 -0.227459222 0.000528751 0.973787487 104.289314270
0.973237514 0.031035306 0.227696240 59.190547943 -0.029297819 0.999510109 -0.011007501 -3.225561619 -0.227926314 0.004041910 0.973670006 104.934776306
0.973384440 0.031003376 0.227071673 59.347904205 -0.027758474 0.999462008 -0.017470386 -3.246475220 -0.227491140 0.010702238 0.973721325 105.588058472
0.973487794 0.033100612 0.226331234 59.490047455 -0.028364465 0.999305964 -0.024146818 -3.263226986 -0.226973414 0.017086871 0.973751068 106.252952576
0.974073708 0.036109224 0.223330662 59.643424988 -0.030616948 0.999138713 -0.028007610 -3.276831150 -0.224149629 0.020443773 0.974340260 106.935546875
0.974657476 0.033151623 0.221232384 59.792098999 -0.028638717 0.999311745 -0.023576424 -3.296987534 -0.221861720 0.016643126 0.974936068 107.623954773
0.975007415 0.029111778 0.220256716 59.947105408 -0.026217947 0.999527395 -0.016050933 -3.316676617 -0.220619887 0.009875102 0.975309849 108.339645386
0.975641012 0.029511357 0.217379212 60.115478516 -0.028013239 0.999557853 -0.009970793 -3.339138031 -0.217577338 0.003638419 0.976036310 109.063331604
0.975867331 0.034156196 0.215676263 60.259445190 -0.032576434 0.999410093 -0.010876329 -3.354635954 -0.215920523 0.003587890 0.976404369 109.782829285
0.976128221 0.039940938 0.213490903 60.405078888 -0.037393786 0.999173164 -0.015957508 -3.363471746 -0.213951737 0.007593342 0.976814747 110.528190613
0.977014840 0.041058615 0.209179670 60.569042206 -0.037569098 0.999081075 -0.020629730 -3.387897968 -0.209834486 0.012296862 0.977659583 111.272201538
0.977784038 0.040864505 0.205592990 60.720684052 -0.036855735 0.999049127 -0.023292143 -3.407510281 -0.206349313 0.015197407 0.978360355 112.040023804
0.978775084 0.037027381 0.201564774 60.880012512 -0.033215202 0.999200225 -0.022263609 -3.422174931 -0.202227935 0.015096050 0.979222119 112.764114380
0.979557216 0.033607908 0.198338509 61.037555695 -0.030250654 0.999343574 -0.019933604 -3.449887514 -0.198878229 0.013526235 0.979930878 113.547386169
0.979981780 0.031553958 0.196570665 61.205039978 -0.028725576 0.999438941 -0.017223895 -3.470934868 -0.197003871 0.011232496 0.980338335 114.390342712
0.980380535 0.028255049 0.195078582 61.366695404 -0.025824446 0.999554038 -0.014992238 -3.490345716 -0.195415199 0.009660303 0.980673015 115.190605164
0.980454624 0.023785181 0.195302427 61.510593414 -0.021553013 0.999675930 -0.013546785 -3.516795635 -0.195561349 0.009072652 0.980649471 115.998649597
0.980448186 0.025460411 0.195123404 61.658252716 -0.023584142 0.999650657 -0.011933407 -3.538371801 -0.195359051 0.007098270 0.980706096 116.811347961
0.980475008 0.029786408 0.194374785 61.830917358 -0.027703285 0.999526024 -0.013427203 -3.571726322 -0.194682613 0.007780216 0.980835438 117.618888855
0.980081677 0.035926726 0.195318118 61.978939056 -0.033225130 0.999301732 -0.017091604 -3.586272478 -0.195795789 0.010261698 0.980590999 118.453483582
0.979632199 0.044018947 0.195915893 62.137863159 -0.041166224 0.998978972 -0.018611252 -3.607561588 -0.196535096 0.010167066 0.980444074 119.274597168
0.978721142 0.050073173 0.198991463 62.286472321 -0.047460746 0.998713076 -0.017879656 -3.634985447 -0.199630663 0.008054914 0.979838133 120.138748169
0.978037179 0.052251689 0.201774612 62.441795349 -0.050120391 0.998620391 -0.015661031 -3.669024944 -0.202314571 0.005204048 0.979306757 120.942276001
0.977508903 0.052969150 0.204133868 62.615753174 -0.050565757 0.998576462 -0.016975477 -3.684899330 -0.204742461 0.006271496 0.978795767 121.784225464
0.977183998 0.051468249 0.206064120 62.789600372 -0.048510570 0.998634577 -0.019383380 -3.714671135 -0.206780389 0.008944841 0.978346467 122.615516663
0.977140069 0.045437921 0.207684144 62.961288452 -0.042708825 0.998932362 -0.017608015 -3.737434864 -0.208262488 0.008335551 0.978037477 123.469200134
0.977279425 0.038993809 0.208337247 63.144901276 -0.035874527 0.999180734 -0.018731304 -3.769955873 -0.208896965 0.010831716 0.977877676 124.301528931
0.976996183 0.038690671 0.209717572 63.315238953 -0.035555862 0.999192715 -0.018698929 -3.798570395 -0.210271746 0.010812094 0.977583170 125.135047913
0.976654351 0.039844356 0.211089402 63.488250732 -0.037260264 0.999174178 -0.016206671 -3.816089392 -0.211560816 0.007963070 0.977332413 125.962516785
0.976366162 0.042164296 0.211969942 63.665328979 -0.040834337 0.999109149 -0.010649959 -3.834651947 -0.212230176 0.001742607 0.977218151 126.800590515
0.975956321 0.045395512 0.213186443 63.834201813 -0.045197088 0.998961210 -0.005806981 -3.865333796 -0.213228583 -0.003968046 0.976994276 127.643157959
0.975759149 0.044749696 0.214223191 64.018920898 -0.043046694 0.998993456 -0.012610447 -3.889944077 -0.214571878 0.003083158 0.976703346 128.492355347
0.975820184 0.041222539 0.214652419 64.186820984 -0.036169510 0.998969495 -0.027416971 -3.913673162 -0.215561420 0.018990163 0.976305604 129.304351807
