1.000000000 0.000000000 0.000000000 0.000000000 0.000000000 1.000000000 0.000000000 0.000000000 0.000000000 0.000000000 1.000000000 0.000000000
0.999992073 -0.002353464 -0.003219268 -0.003403302 0.002346701 0.999995053 -0.002103033 -0.008965126 0.003224201 0.002095461 0.999992609 0.666698158
0.999974132 -0.000804958 -0.007146602 -0.019150067 0.000777389 0.999992251 -0.003859584 -0.005639576 0.007149654 0.003853928 0.999967039 1.375837088
0.999935865 -0.001141102 -0.011268770 -0.034114141 0.001080755 0.999985039 -0.005359872 -0.004432599 0.011274718 0.005347350 0.999922156 2.095977545
0.999870181 -0.000383541 -0.016109459 -0.054054622 0.000291104 0.999983490 -0.005740047 -0.011215989 0.016111394 0.005734611 0.999853730 2.821414232
0.999791861 -0.001230028 -0.020363847 -0.073872074 0.001098961 0.999978602 -0.006446226 -0.014362344 0.020371340 0.006422506 0.999771833 3.565126657
0.999687433 0.000467377 -0.024997428 -0.097776532 -0.000650478 0.999972999 -0.007317177 -0.027240070 0.024993334 0.007331150 0.999660730 4.320423126
0.999552906 0.003861038 -0.029649671 -0.136009604 -0.004101487 0.999959171 -0.008053117 -0.035198387 0.029617365 0.008171124 0.999527931 5.091751575
0.999411583 0.003417237 -0.034129757 -0.165979981 -0.003622837 0.999975681 -0.005964034 -0.049870439 0.034108546 0.006084171 0.999399602 5.889804840
0.999249816 0.002619581 -0.038638506 -0.199613273 -0.002763724 0.999989390 -0.003677597 -0.054730080 0.038628466 0.003781625 0.999246478 6.694478035
0.999109626 0.001892167 -0.042146768 -0.235790357 -0.001926999 0.999997854 -0.000785834 -0.064637735 0.042145189 0.000866351 0.999111116 7.506662369
0.999003172 0.003755620 -0.044481352 -0.285492003 -0.003830094 0.999991417 -0.001589150 -0.071428746 0.044475000 0.001757934 0.999008954 8.317500114
0.998859048 0.003482287 -0.047627907 -0.316437662 -0.003589986 0.999991179 -0.002175917 -0.076576240 0.047619909 0.002344418 0.998862803 9.136988640
0.998783350 0.000626101 -0.049309757 -0.357117653 -0.000769080 0.999995530 -0.002880708 -0.081447221 0.049307734 0.002915127 0.998779356 9.978346825
0.998649240 0.000489693 -0.051956624 -0.394624561 -0.000582601 0.999998271 -0.001773063 -0.096928507 0.051955666 0.001800938 0.998647749 10.828525543
0.998586595 -0.000303790 -0.053147700 -0.454838336 0.000171303 0.999996841 -0.002497344 -0.103819743 0.053148292 0.002484710 0.998583555 11.673485756
0.998518765 0.001651349 -0.054383498 -0.505305350 -0.001851107 0.999991715 -0.003622969 -0.130090192 0.054377068 0.003718272 0.998513579 12.509208679
0.998485148 0.002192830 -0.054978091 -0.570136070 -0.002558043 0.999975145 -0.006573402 -0.136236310 0.054962307 0.006704080 0.998465896 13.378849983
0.998345733 0.006415504 -0.057136871 -0.623512149 -0.006904154 0.999941230 -0.008358975 -0.147590056 0.057079885 0.008739629 0.998331368 14.252095222
0.998261213 0.006981730 -0.058530569 -0.682294846 -0.007444857 0.999942660 -0.007698241 -0.170744851 0.058473468 0.008120607 0.998255908 15.141578674
0.998180091 0.006116906 -0.059992116 -0.736894011 -0.006508648 0.999958754 -0.006336664 -0.182813153 0.059950877 0.006715600 0.998178720 16.034351349
0.998089373 0.006722426 -0.061420344 -0.796834230 -0.006989392 0.999967039 -0.004132732 -0.201123372 0.061390538 0.004554127 0.998103440 16.929687500
0.998055995 0.007580153 -0.061860509 -0.856147349 -0.007877815 0.999958515 -0.004569346 -0.217578888 0.061823305 0.005047788 0.998074353 17.809017181
0.997915089 0.006922370 -0.064167790 -0.907426178 -0.007243474 0.999962389 -0.004772846 -0.235058889 0.064132340 0.005227693 0.997927725 18.719930649
0.997845471 0.006485989 -0.065287091 -0.970470011 -0.006883196 0.999959111 -0.005860920 -0.247294441 0.065246411 0.006297676 0.997849286 19.626981735
0.997840643 0.006944383 -0.065313682 -1.043436766 -0.007264120 0.999962747 -0.004659209 -0.254655123 0.065278895 0.005123594 0.997853875 20.556446075
0.997872293 0.009124889 -0.064556986 -1.116420627 -0.009231349 0.999956489 -0.001350994 -0.270110577 0.064541847 0.001944068 0.997913122 21.471828461
0.997903585 0.010692402 -0.063828349 -1.176417589 -0.010551415 0.999941111 0.002545525 -0.284717768 0.063851804 -0.001866710 0.997957647 22.380937576
0.998038888 0.007659927 -0.062126748 -1.239875674 -0.007313340 0.999956429 0.005804193 -0.290630043 0.062168501 -0.005338456 0.998051405 23.317983627
0.998123825 0.008966428 -0.060567349 -1.297344804 -0.008632649 0.999946117 0.005770314 -0.292183429 0.060615823 -0.005236631 0.998147428 24.253465652
0.998176694 0.007605260 -0.059878327 -1.353024244 -0.007408442 0.999966383 0.003508277 -0.293950260 0.059902996 -0.003058275 0.998199522 25.229413986
0.998209178 0.009091379 -0.059125479 -1.411546588 -0.009216014 0.999955833 -0.001835625 -0.297014952 0.059106182 0.002377239 0.998248875 26.166908264
0.998289764 0.007895864 -0.057924204 -1.464830637 -0.008139061 0.999958992 -0.003963822 -0.313895583 0.057890534 0.004428491 0.998313129 27.120637894
0.998316944 0.004369445 -0.057829011 -1.514808059 -0.004568303 0.999984086 -0.003306969 -0.323949426 0.057813644 0.003565584 0.998320997 28.078821182
0.998376727 0.002633792 -0.056894563 -1.584270358 -0.002536786 0.999995232 0.001777158 -0.339758307 0.056898970 -0.001629944 0.998378634 29.043474197
0.998267412 -0.000873421 -0.058833554 -1.632979989 0.001167819 0.999986947 0.004969721 -0.338892013 0.058828447 -0.005029817 0.998255432 30.034006119
0.998168945 -0.008418264 -0.059899427 -1.685742021 0.008678610 0.999953985 0.004087562 -0.344185084 0.059862260 -0.004599921 0.998196065 30.999608994
0.998040080 -0.011630603 -0.061487436 -1.744981050 0.011679417 0.999931693 0.000434513 -0.349717230 0.061478183 -0.001151799 0.998107791 31.992963791
0.997972548 -0.009757338 -0.062893510 -1.808657527 0.009546457 0.999947786 -0.003652622 -0.357303172 0.062925868 0.003044806 0.998013556 32.947757721
0.997947514 -0.007505929 -0.063596040 -1.895418048 0.007233078 0.999963641 -0.004519534 -0.368888408 0.063627653 0.004050263 0.997965515 33.918445587
0.997903943 -0.007739947 -0.064248338 -1.965628505 0.007546428 0.999966204 -0.003254181 -0.380628616 0.064271361 0.002762514 0.997928619 34.906234741
0.997725546 -0.005884334 -0.067149676 -2.014245987 0.005879599 0.999982655 -0.000268141 -0.396039516 0.067150094 -0.000127282 0.997742891 35.906719208
0.997606993 -0.006351645 -0.068847470 -2.077202559 0.006441595 0.999978662 0.001084581 -0.403679252 0.068839118 -0.001525473 0.997626603 36.893497467
0.997590244 -0.004991547 -0.069201276 -2.155848503 0.005265263 0.999979019 0.003773520 -0.415369332 0.069180988 -0.004128789 0.997595608 37.871143341
0.997569621 -0.004674669 -0.069519371 -2.229726076 0.005131338 0.999966383 0.006391820 -0.418390781 0.069487154 -0.006733013 0.997560143 38.887256622
0.997516155 0.000673430 -0.070435107 -2.296836853 -0.000064897 0.999962687 0.008641571 -0.425198913 0.070438296 -0.008615535 0.997478902 39.852050781
0.997481823 0.000787239 -0.070917897 -2.377730370 -0.000252660 0.999971509 0.007546656 -0.420644403 0.070921816 -0.007509734 0.997453630 40.852394104
0.997541189 0.000345171 -0.070081964 -2.469226360 0.000106847 0.999979198 0.006446002 -0.435823977 0.070082732 -0.006437641 0.997520387 41.850204468
0.997553885 0.002554655 -0.069855399 -2.550182343 -0.002268796 0.999988735 0.004171182 -0.443414837 0.069865264 -0.004002491 0.997548401 42.827766418
0.997479260 0.001719557 -0.070938088 -2.621359348 -0.001426059 0.999990225 0.004187828 -0.443480045 0.070944592 -0.004076109 0.997471929 43.843563080
0.997325957 0.000248323 -0.073081098 -2.684586048 0.000119774 0.999987304 0.005032413 -0.448864013 0.073081419 -0.005027710 0.997313321 44.837524414
0.997312188 0.000715142 -0.073265590 -2.773121834 -0.000276410 0.999981999 0.005998201 -0.456924826 0.073268563 -0.005961827 0.997294426 45.811809540
0.997327447 0.002673585 -0.073012620 -2.851537704 -0.002474654 0.999992967 0.002814934 -0.475212455 0.073019631 -0.002626730 0.997327030 46.775226593
0.997255445 0.003293542 -0.073964357 -2.930071831 -0.003404458 0.999993265 -0.001373549 -0.484936804 0.073959336 0.001621588 0.997259915 47.736701965
0.997205973 0.004250787 -0.074579947 -3.001421928 -0.004477918 0.999985814 -0.002878520 -0.493101269 0.074566655 0.003204440 0.997210860 48.682147980
0.997177839 0.003758315 -0.074981354 -3.076048374 -0.003701351 0.999992728 0.000898651 -0.515008152 0.074984193 -0.000618582 0.997184515 49.693405151
0.997237623 0.001478752 -0.074262686 -3.161084652 -0.001180534 0.999991059 0.004059461 -0.526411712 0.074268021 -0.003960578 0.997230470 50.662311554
0.997209072 -0.000203455 -0.074659675 -3.232538462 0.000606892 0.999985337 0.005381034 -0.547998488 0.074657485 -0.005411326 0.997194529 51.629840851
0.997124493 -0.003387900 -0.075705327 -3.291692019 0.003656117 0.999987543 0.003404595 -0.550663769 0.075692847 -0.003671592 0.997124434 52.595409393
0.997080684 -0.006381676 -0.076088063 -3.362062931 0.006587577 0.999975264 0.002455409 -0.564167321 0.076070510 -0.002949476 0.997098088 53.539344788
0.996932149 -0.007486582 -0.077911690 -3.432164907 0.007792191 0.999963105 0.003619223 -0.575418174 0.077881716 -0.004215222 0.996953666 54.520469666
0.996901333 -0.010437327 -0.077967003 -3.521680355 0.011046795 0.999911666 0.007389784 -0.579358816 0.077882983 -0.008228171 0.996928573 55.461784363
0.996907294 -0.011334702 -0.077764884 -3.604582787 0.012300806 0.999852836 0.011955640 -0.580601990 0.077617928 -0.012875236 0.996900022 56.396614075
0.996806502 -0.009541779 -0.079282776 -3.671647549 0.010725210 0.999837160 0.014514311 -0.589002788 0.079131372 -0.015318285 0.996746480 57.355136871
0.996713996 -0.008726543 -0.080530062 -3.754552603 0.009611907 0.999897480 0.010613105 -0.589818895 0.080429189 -0.011352278 0.996695697 58.298946381
0.996535897 -0.007167302 -0.082854174 -3.826189995 0.007415031 0.999968886 0.002682603 -0.593677402 0.082832366 -0.003287676 0.996558070 59.242637634
0.996543825 -0.005092283 -0.082912311 -3.920106173 0.004946277 0.999985814 -0.001966276 -0.604101241 0.082921147 0.001549372 0.996554911 60.136894226
0.996491969 -0.000715715 -0.083685696 -4.005615711 0.000652064 0.999999464 -0.000787925 -0.621164083 0.083686218 0.000730592 0.996491909 61.038280487
0.996412754 0.002247700 -0.084596492 -4.093999863 -0.002149777 0.999996901 0.001248604 -0.634489715 0.084599040 -0.001062261 0.996414483 61.930271149
0.996279716 0.004923846 -0.086037949 -4.167789459 -0.004689511 0.999984741 0.002925532 -0.652087688 0.086051039 -0.002511172 0.996287584 62.789802551
0.996213436 0.005487621 -0.086767659 -4.254321575 -0.005282089 0.999982655 0.002598176 -0.658830285 0.086780414 -0.002130023 0.996225178 63.679584503
0.996066928 0.006684823 -0.088351555 -4.342202187 -0.006394252 0.999973178 0.003571426 -0.669991434 0.088373065 -0.002992437 0.996082962 64.545700073
0.995939672 0.008277954 -0.089641787 -4.430330753 -0.007966544 0.999960899 0.003831177 -0.683534980 0.089670002 -0.003101486 0.995966673 65.377502441
0.995791554 0.008015992 -0.091295533 -4.483660698 -0.007641082 0.999960899 0.004455350 -0.698090851 0.091327682 -0.003739003 0.995813847 66.193092346
0.995768011 0.007924085 -0.091560088 -4.574285030 -0.007464878 0.999957800 0.005356749 -0.706134856 0.091598675 -0.004650594 0.995785117 67.002326965
0.995510876 0.010884517 -0.094019413 -4.650693893 -0.010201495 0.999917984 0.007742280 -0.710151970 0.094095968 -0.006748385 0.995540261 67.819137573
0.995364368 0.011364868 -0.095501877 -4.726717949 -0.010221006 0.999870181 0.012458040 -0.724696100 0.095631063 -0.011424164 0.995351315 68.621612549
0.995168984 0.014924300 -0.097035766 -4.811371326 -0.013674049 0.999814868 0.013536738 -0.723694801 0.097219832 -0.012144471 0.995188832 69.388473511
0.994987845 0.017348748 -0.098479636 -4.888143063 -0.016440164 0.999814570 0.010030169 -0.739902437 0.098635383 -0.008360875 0.995088518 70.145629883
0.994871855 0.017951183 -0.099537730 -4.971636772 -0.017766718 0.999838412 0.002739400 -0.753545403 0.099570818 -0.000956893 0.995030046 70.871231079
0.994740367 0.016796982 -0.101042077 -5.050956249 -0.017220406 0.999846220 -0.003319730 -0.752334595 0.100970775 0.005042254 0.994876623 71.595535278
0.994741142 0.017334808 -0.100943662 -5.132118225 -0.017884871 0.999829710 -0.004546703 -0.760003626 0.100847661 0.006328157 0.994881749 72.277587891
0.994631469 0.020071151 -0.101515494 -5.220821381 -0.020302797 0.999793112 -0.001249093 -0.767000735 0.101469420 0.003303436 0.994833171 72.975952148
0.994407177 0.020628432 -0.103579819 -5.277544498 -0.020600015 0.999786913 0.001344208 -0.790236592 0.103585474 0.000797056 0.994620264 73.616935730
0.994367599 0.017351286 -0.104556523 -5.349174976 -0.017647009 0.999842465 -0.001903852 -0.800759435 0.104507014 0.003738238 0.994517148 74.268486023
0.994530678 0.009417853 -0.104019135 -5.410049438 -0.010196563 0.999923825 -0.006956987 -0.817579269 0.103945687 0.007979575 0.994550943 74.856185913
0.994676888 0.005578466 -0.102892265 -5.470114231 -0.006791473 0.999911487 -0.011442540 -0.842937827 0.102819324 0.012080420 0.994626701 75.460639954
0.994989336 0.008576328 -0.099612325 -5.540052414 -0.009846193 0.999876320 -0.012263438 -0.844101727 0.099494830 0.013182792 0.994950771 76.052238464
0.995277107 0.012363528 -0.096284382 -5.585717678 -0.013313608 0.999868751 -0.009231242 -0.858540535 0.096157618 0.010469536 0.995311081 76.651939392
0.995720267 0.011013345 -0.091759741 -5.634733677 -0.011636649 0.999912679 -0.006260518 -0.868470073 0.091682777 0.007301501 0.995761514 77.220016479
0.996270537 0.007215129 -0.085982174 -5.675090790 -0.007386763 0.999971330 -0.001678171 -0.885532200 0.085967593 0.002307042 0.996295273 77.767433167
0.996977806 0.003153875 -0.077622995 -5.712414265 -0.003017172 0.999993682 0.001878331 -0.900315046 0.077628426 -0.001638452 0.996981025 78.295532227
0.997729897 0.006743765 -0.067004696 -5.743449688 -0.006668172 0.999976873 0.001351764 -0.907436550 0.067012258 -0.000901897 0.997751772 78.822937012
0.998605728 0.011674513 -0.051480707 -5.778890610 -0.011665869 0.999931812 0.000468418 -0.908537209 0.051482666 0.000132802 0.998673856 79.312461853
0.999298453 0.016901005 -0.033420436 -5.795854568 -0.016873928 0.999857008 0.001092103 -0.917399287 0.033434115 -0.000527403 0.999440789 79.808555603
0.999814689 0.015466148 -0.011462231 -5.787218094 -0.015446218 0.999879062 0.001825269 -0.924130976 0.011489075 -0.001647883 0.999932647 80.285636902
0.999827027 0.011803699 0.014373030 -5.752186775 -0.011847257 0.999925494 0.002949178 -0.936651289 -0.014337147 -0.003118949 0.999892354 80.759902954
0.998979568 0.010746513 0.043866746 -5.714165688 -0.010953703 0.999929965 0.004485517 -0.941476941 -0.043815471 -0.004961444 0.999027312 81.217895508
0.996964395 0.009745141 0.077246770 -5.659226418 -0.010242777 0.999929249 0.006048557 -0.956387520 -0.077182360 -0.006821417 0.996993661 81.658905029
0.993332326 0.009895438 0.114860505 -5.583630085 -0.010717265 0.999921203 0.006539655 -0.961969137 -0.114786744 -0.007727042 0.993360102 82.096435547
0.987636685 0.010045027 0.156438112 -5.486590862 -0.011132147 0.999919593 0.006074585 -0.963814080 -0.156364515 -0.007740975 0.987669110 82.537849426
0.979503453 0.009522790 0.201202095 -5.371605396 -0.010841630 0.999926329 0.005453852 -0.964169085 -0.201135337 -0.007523425 0.979534566 82.954971313
0.968144953 0.012279266 0.250089079 -5.238988876 -0.013615592 0.999900758 0.003613989 -0.977069497 -0.250019878 -0.006903976 0.968216062 83.350898743
0.952712238 0.012446550 0.303618908 -5.083338737 -0.013558459 0.999906898 0.001554318 -0.996109962 -0.303571284 -0.005597422 0.952792287 83.739486694
0.933325827 0.013286783 0.358784556 -4.907127380 -0.013594462 0.999906182 -0.001665275 -0.986674666 -0.358773023 -0.003323238 0.933418930 84.084587097
0.908983707 0.014253244 0.416587889 -4.712093353 -0.014036189 0.999895036 -0.003584072 -0.992380857 -0.416595250 -0.002589443 0.909088373 84.441978455
0.880136192 0.014244927 0.474507421 -4.497786999 -0.013290608 0.999897301 -0.005365393 -1.002418399 -0.474535108 -0.001584216 0.880235136 84.757133484
0.846187174 0.012938548 0.532728672 -4.256233215 -0.010572602 0.999916017 -0.007491733 -1.009834290 -0.532780886 0.000707081 0.846252918 85.092147827
0.810458660 0.012153171 0.585669756 -3.985238075 -0.008202054 0.999922216 -0.009399153 -1.018651247 -0.585738420 0.002813931 0.810495317 85.356369019
0.770015419 0.010270786 0.637942612 -3.708674431 -0.007141313 0.999946535 -0.007479224 -1.033138990 -0.637985349 0.001203370 0.770047545 85.650054932
0.726928353 0.011147247 0.686622858 -3.419492722 -0.008900922 0.999937177 -0.006810455 -1.029392123 -0.686655641 -0.001160863 0.726981878 85.909744263
0.683977365 0.008685146 0.729451478 -3.105003357 -0.007132593 0.999960959 -0.005217997 -1.045507193 -0.729468346 -0.001633889 0.684012651 86.095359802
0.637312531 0.007922044 0.770564735 -2.786159515 -0.003677712 0.999967039 -0.007238758 -1.044737220 -0.770596683 0.001779436 0.637320638 86.306404114
0.590489626 0.005250891 0.807028174 -2.453929901 0.002235775 0.999964356 -0.008142102 -1.053910732 -0.807042122 0.006612160 0.590456843 86.490600586
0.544218779 0.006985489 0.838914335 -2.114799500 -0.000102084 0.999965906 -0.008260313 -1.072901726 -0.838943422 0.004409779 0.544200897 86.657470703
0.496286154 0.010150176 0.868099689 -1.778919220 -0.003224819 0.999946296 -0.009848177 -1.075550079 -0.868153036 0.002088049 0.496292233 86.829650879
0.450541377 0.012188350 0.892672360 -1.450180054 -0.003804218 0.999923944 -0.011732710 -1.087956905 -0.892747462 0.001890152 0.450553477 86.960289001
0.408181608 0.009033421 0.912856102 -1.082153320 0.003082682 0.999931693 -0.011273516 -1.103986025 -0.912895560 0.007415687 0.408125877 87.083633423
0.368703246 0.001487484 0.929546058 -0.712371826 0.018163968 0.999796271 -0.008804616 -1.109064341 -0.929369748 0.020130534 0.368601084 87.171882629
0.333222628 -0.002218910 0.942845643 -0.347591400 0.022986367 0.999719143 -0.005771139 -1.108699322 -0.942568004 0.023595670 0.333180070 87.265007019
0.300357401 0.001733568 0.953825235 0.014598846 0.019748490 0.999772668 -0.008035835 -1.120748281 -0.953622401 0.021250229 0.300254881 87.356208801
0.269434631 0.009162203 0.962975144 0.379524231 0.009066139 0.999886274 -0.012050046 -1.138637424 -0.962976038 0.011977167 0.269320905 87.457107544
0.241135538 0.014293451 0.970386207 0.758632660 0.004541664 0.999863982 -0.015856225 -1.150293231 -0.970480800 0.008230667 0.241037786 87.540275574
0.215943217 0.015620605 0.976280987 1.159362793 0.005529441 0.999836445 -0.017220551 -1.168128252 -0.976390243 0.009116949 0.215821505 87.609016418
0.191970885 0.016183628 0.981267273 1.561767578 0.013178385 0.999731362 -0.019066311 -1.180300355 -0.981312215 0.016591694 0.191706061 87.662002563
0.171877146 0.022932122 0.984851420 1.972160339 0.019808399 0.999446452 -0.026728943 -1.179693818 -0.984919190 0.024102423 0.171327770 87.711158752
0.152234912 0.029413605 0.987906635 2.390533447 0.021322640 0.999226689 -0.033036433 -1.183331609 -0.988114357 0.026094075 0.151489973 87.756820679
0.134776354 0.030602938 0.990403354 2.830451965 0.019304382 0.999252141 -0.033503346 -1.194886446 -0.990687966 0.023634585 0.134084761 87.811721802
0.119198501 0.026269231 0.992523015 3.296623230 0.018116269 0.999425948 -0.028627640 -1.214376926 -0.992705286 0.021393187 0.118654191 87.867492676
0.104556501 0.023243809 0.994247317 3.761703491 0.018984349 0.999498010 -0.025362987 -1.231571913 -0.994337797 0.021527005 0.104062736 87.911712646
0.091185689 0.021087777 0.995610774 4.254165649 0.020773400 0.999517918 -0.023073127 -1.248449802 -0.995617390 0.022786159 0.090703666 87.950912476
0.079285026 0.019697290 0.996657431 4.749519348 0.024367005 0.999467731 -0.021691252 -1.266506672 -0.996554196 0.026005348 0.078762889 87.981658936
0.069786072 0.020037545 0.997360706 5.249076843 0.028019512 0.999364436 -0.022038348 -1.289159894 -0.997168422 0.029483531 0.069180250 87.998382568
0.062077463 0.020736083 0.997855961 5.778503418 0.030100767 0.999290466 -0.022638492 -1.301549435 -0.997617364 0.031441569 0.061409295 88.023895264
0.056171775 0.020738274 0.998205781 6.332481384 0.031935632 0.999235332 -0.022556771 -1.318680048 -0.997910321 0.033145387 0.055466533 88.052452087
0.050182998 0.022149781 0.998494446 6.902389526 0.032606162 0.999184787 -0.023803839 -1.334260821 -0.998207688 0.033751618 0.049419880 88.081237793
0.044759572 0.022548757 0.998743296 7.458709717 0.033399664 0.999152541 -0.024054836 -1.352351189 -0.998439312 0.034434374 0.043968499 88.097396851
0.040203989 0.022527551 0.998937666 8.065948486 0.035634726 0.999077499 -0.023964895 -1.370348573 -0.998556018 0.036560353 0.039364100 88.121551514
0.037564993 0.022717929 0.999035954 8.684654236 0.036871985 0.999029279 -0.024104211 -1.383959293 -0.998613715 0.037741911 0.036690891 88.134559631
0.034281194 0.022049241 0.999168992 9.336608887 0.037440468 0.999026477 -0.023330670 -1.404218078 -0.998710692 0.038209159 0.033422291 88.160316467
0.031921923 0.021720966 0.999254405 9.981033325 0.039346829 0.998961508 -0.022971569 -1.424777031 -0.998715699 0.040050786 0.031034112 88.181816101
0.031465411 0.021271527 0.999278486 10.677520752 0.044067658 0.998771787 -0.022648349 -1.440484047 -0.998532951 0.044748500 0.030489326 88.189735413
0.032831371 0.020896010 0.999242604 11.366310120 0.048106618 0.998589575 -0.022462964 -1.458315849 -0.998302639 0.048807666 0.031779826 88.202705383
0.035279870 0.020477021 0.999167800 12.073722839 0.050079789 0.998497784 -0.022231583 -1.479380965 -0.998122096 0.050822441 0.034201384 88.228546143
0.038723052 0.020519650 0.999039292 12.777770996 0.052369446 0.998373449 -0.022535831 -1.500185609 -0.997876763 0.053191792 0.037585497 88.260520935
0.043217421 0.020009553 0.998865426 13.527893066 0.052902427 0.998350918 -0.022288160 -1.519837141 -0.997664213 0.053805634 0.042087615 88.291503906
0.047478914 0.018336916 0.998703957 14.290168762 0.054632559 0.998287201 -0.020926528 -1.541461825 -0.997377098 0.055555318 0.046395779 88.322280884
0.050861418 0.016874643 0.998563290 15.050880432 0.054118730 0.998341560 -0.019627418 -1.561419010 -0.997238457 0.055039246 0.049863815 88.373184204
0.054927826 0.015109398 0.998376071 15.831398010 0.051268570 0.998523891 -0.017932292 -1.578013420 -0.997173309 0.052170292 0.054072082 88.427200317
0.059334636 0.013415296 0.998147964 16.635009766 0.050615925 0.998583019 -0.016429994 -1.605073094 -0.996954083 0.051497053 0.058571517 88.471191406
0.063716590 0.014118930 0.997868299 17.438476562 0.047974095 0.998700559 -0.017193992 -1.626239300 -0.996814370 0.048967365 0.062956452 88.525512695
0.066649139 0.018258886 0.997609496 18.241104126 0.046054102 0.998710632 -0.021355871 -1.649118423 -0.996713161 0.047367357 0.065722287 88.582695007
0.067554712 0.023785153 0.997432053 19.035423279 0.040149271 0.998841226 -0.026538014 -1.675607443 -0.996907413 0.041838937 0.066521466 88.659179688
0.067843616 0.026899925 0.997333348 19.846191406 0.037889451 0.998845875 -0.029518155 -1.703117728 -0.996976316 0.039791033 0.066746116 88.708274841
0.067246795 0.026719978 0.997378588 20.655590057 0.035004828 0.998962760 -0.029122574 -1.732935190 -0.997122228 0.036871467 0.066241741 88.788345337
0.067499518 0.024344783 0.997422397 21.492633820 0.032538325 0.999116778 -0.026588146 -1.773946762 -0.997188747 0.034249138 0.066647768 88.850860596
0.067419529 0.023062360 0.997458220 22.312988281 0.033276130 0.999124646 -0.025350071 -1.807932377 -0.997169733 0.034900635 0.066593051 88.910308838
0.067819655 0.022212064 0.997450411 23.126674652 0.030805947 0.999228835 -0.024346260 -1.842176795 -0.997221947 0.032378558 0.067083061 88.968368530
0.068197370 0.022735940 0.997412741 23.954227448 0.029431233 0.999259353 -0.024790371 -1.869630098 -0.997237682 0.031045724 0.067477703 89.026519775
0.067809641 0.022916418 0.997435093 24.751831055 0.026206437 0.999350309 -0.024742041 -1.913817048 -0.997354090 0.027816968 0.067165077 89.097206116
0.066923618 0.025056807 0.997443438 25.595176697 0.023733025 0.999361813 -0.026697371 -1.931776285 -0.997475803 0.025459036 0.066286266 89.145782471
0.064050734 0.024803324 0.997638464 26.407176971 0.020928746 0.999437809 -0.026191738 -1.960713744 -0.997727215 0.022556921 0.063495636 89.205200195
0.059868574 0.023702743 0.997924864 27.227943420 0.017889744 0.999531984 -0.024814177 -1.991131902 -0.998045981 0.019338209 0.059416533 89.266494751
0.054818511 0.021398628 0.998267055 28.043571472 0.015190354 0.999636769 -0.022262149 -2.023627520 -0.998380840 0.016384408 0.054473519 89.319633484
0.049265921 0.019171949 0.998601675 28.879245758 0.013813220 0.999707043 -0.019874645 -2.047240496 -0.998690188 0.014773048 0.048986673 89.355072021
0.042823613 0.019610073 0.998890102 29.692398071 0.013258781 0.999708176 -0.020194551 -2.075044632 -0.998994648 0.014108867 0.042551100 89.383552551
0.033012390 0.020340595 0.999248028 30.498355865 0.012357467 0.999708176 -0.020758221 -2.111463308 -0.999378622 0.013033455 0.032751381 89.421226501
0.023634553 0.020934308 0.999501526 31.307621002 0.013671895 0.999680459 -0.021261347 -2.131090164 -0.999627233 0.014167584 0.023340762 89.432945251
0.012778401 0.019803734 0.999722242 32.107631683 0.014708159 0.999691963 -0.019991135 -2.158373833 -0.999810159 0.014959528 0.012483239 89.453010559
0.001893401 0.019080216 0.999816239 32.900398254 0.013343674 0.999728441 -0.019103814 -2.186486721 -0.999909222 0.013377395 0.001638293 89.454498291
-0.008578062 0.017792016 0.999805033 33.694908142 0.015146532 0.999729276 -0.017660718 -2.213279963 -0.999848604 0.014992084 -0.008845210 89.441787720
-0.019885063 0.018655688 0.999628365 34.483875275 0.015802149 0.999706864 -0.018342812 -2.233037710 -0.999677539 0.015431527 -0.020174026 89.426727295
-0.031028509 0.018918516 0.999339461 35.267406464 0.016074089 0.999701023 -0.018426277 -2.262037277 -0.999389291 0.015491731 -0.031323314 89.402351379
-0.041160583 0.020286923 0.998946548 36.040855408 0.015898829 0.999680579 -0.019646734 -2.278653383 -0.999026060 0.015073410 -0.041469932 89.359886169
-0.051541090 0.021715520 0.998434901 36.814929962 0.016983898 0.999638021 -0.020864954 -2.301629066 -0.998526633 0.015881918 -0.051891208 89.324401855
-0.061502934 0.022052217 0.997863412 37.580272675 0.017763019 0.999621749 -0.020996265 -2.335449934 -0.997949004 0.016433736 -0.061871409 89.280586243
-0.071177125 0.022185950 0.997217000 38.338737488 0.018358389 0.999612391 -0.020928901 -2.368764400 -0.997294843 0.016817639 -0.071556807 89.225624084
-0.080191255 0.022998724 0.996514082 39.084831238 0.019134164 0.999585092 -0.021529838 -2.390240192 -0.996595800 0.017340960 -0.080597997 89.160949707
-0.089129925 0.022184672 0.995773017 39.829734802 0.020241989 0.999585807 -0.020457797 -2.418227434 -0.995814443 0.018333025 -0.089542031 89.098526001
-0.096475959 0.021469528 0.995103836 40.553131104 0.021879038 0.999571502 -0.019444736 -2.436825037 -0.995094895 0.019895963 -0.096904397 89.022567749
-0.101191640 0.019820221 0.994669497 41.299148560 0.024582338 0.999546111 -0.017416537 -2.466178417 -0.994563222 0.022688895 -0.101632953 88.933357239
-0.105100393 0.018354621 0.994292378 42.013473511 0.027654298 0.999496937 -0.015527543 -2.485139847 -0.994077206 0.025864506 -0.105555058 88.856781006
-0.107630610 0.017457252 0.994037628 42.710861206 0.028946852 0.999476969 -0.014418520 -2.503140450 -0.993769407 0.027222387 -0.108079672 88.778930664
-0.109753251 0.016304813 0.993825197 43.401012421 0.028903980 0.999494970 -0.013205820 -2.532704115 -0.993538558 0.027276121 -0.110169053 88.705513000
-0.110025764 0.016939050 0.993784547 44.077774048 0.030085584 0.999453366 -0.013704791 -2.545184374 -0.993473470 0.028390706 -0.110475302 88.624656677
-0.108964205 0.017785033 0.993886709 44.720855713 0.032099325 0.999381483 -0.014364175 -2.567350388 -0.993527412 0.030337909 -0.109467626 88.554565430
-0.106535912 0.019586431 0.994116068 45.368423462 0.032634888 0.999336183 -0.016191922 -2.586722374 -0.993773282 0.030717844 -0.107104421 88.492607117
-0.100817561 0.019657576 0.994710684 46.010475159 0.032202464 0.999345422 -0.016485330 -2.613004923 -0.994383633 0.030370124 -0.101384640 88.420707703
-0.092889071 0.021244073 0.995449901 46.595413208 0.032343313 0.999309123 -0.018308366 -2.625179529 -0.995151103 0.030495500 -0.093512058 88.375160217
-0.082434654 0.020034930 0.996395171 47.145881653 0.030860802 0.999369740 -0.017541541 -2.661341667 -0.996118665 0.029303521 -0.083001018 88.348327637
-0.068572402 0.021216467 0.997420609 47.678733826 0.031357795 0.999325693 -0.019101156 -2.666455984 -0.997153282 0.029967098 -0.069191456 88.317321777
-0.050230026 0.021822903 0.998499334 48.159603119 0.029143494 0.999367535 -0.020375803 -2.703589678 -0.998312473 0.028076280 -0.050834298 88.283676147
-0.028858185 0.023994513 0.999295473 48.748783112 0.027189024 0.999360800 -0.023210900 -2.742627621 -0.999213636 0.026500043 -0.029492140 88.265228271
-0.004346251 0.026810151 0.999631166 49.261501312 0.025405966 0.999320805 -0.026691368 -2.768233299 -0.999667823 0.025280586 -0.005024433 88.284736633
0.023196697 0.028539896 0.999323547 49.782966614 0.023821644 0.999292850 -0.029091980 -2.789649725 -0.999447167 0.024480367 0.022500396 88.332626343
0.056951404 0.028673586 0.997965097 50.302528381 0.023229957 0.999278784 -0.030037006 -2.796533823 -0.998106658 0.024893338 0.056244254 88.382072449
0.094168186 0.026611414 0.995200634 50.819435120 0.021237124 0.999361515 -0.028732184 -2.816358805 -0.995329797 0.023840858 0.093542933 88.465011597
0.138468981 0.022052540 0.990121245 51.307899475 0.017853690 0.999534011 -0.024759036 -2.852286816 -0.990205884 0.021105675 0.138010740 88.509399414
0.183108032 0.017272556 0.982941031 51.790996552 0.014915158 0.999681771 -0.020345213 -2.880363226 -0.982979655 0.018386094 0.182792127 88.633758545
0.232448995 0.015372578 0.972487152 52.282855988 0.010877870 0.999771476 -0.018403962 -2.883679628 -0.972547829 0.014856573 0.232228637 88.775909424
0.285263836 0.014586820 0.958338141 52.770549774 0.007113061 0.999824405 -0.017335596 -2.893300295 -0.958422780 0.011761937 0.285109997 88.935287476
0.340208173 0.013313218 0.940256000 53.213665009 0.007021115 0.999835968 -0.016697237 -2.917359829 -0.940324008 0.012282182 0.340058863 89.125068665
0.396021783 0.014010534 0.918134272 53.637374878 0.008797407 0.999779820 -0.019051043 -2.929226398 -0.918199003 0.015621830 0.395811319 89.361297607
0.456453085 0.017368404 0.889577985 54.045604706 0.009260058 0.999662578 -0.024269180 -2.946619272 -0.889699340 0.019315287 0.456138194 89.599914551
0.515816450 0.021444580 0.856430769 54.461921692 0.010302445 0.999459088 -0.031230960 -2.954807520 -0.856637239 0.024932776 0.515316546 89.882125854
0.574225187 0.025557019 0.818298519 54.788421631 0.005457697 0.999370933 -0.035042092 -2.976395130 -0.818679333 0.024588078 0.573724449 90.158050537
0.629909635 0.025709817 0.776242793 55.154979706 0.005955240 0.999262691 -0.037929017 -2.992579699 -0.776645601 0.028514568 0.629292130 90.492004395
0.682901502 0.026915973 0.730014443 55.482612610 0.003497798 0.999189019 -0.040112630 -3.010929823 -0.730502129 0.029946418 0.682253599 90.841110229
0.731233358 0.024637792 0.681682348 55.758750916 0.003367189 0.999204934 -0.039725844 -3.031567574 -0.682119131 0.031344216 0.730569005 91.194671631
0.776994467 0.022922985 0.629090011 56.028392792 0.001303174 0.999276042 -0.038021509 -3.017602444 -0.629506171 0.030362317 0.776402116 91.558212280
0.816722751 0.018163046 0.576744318 56.253871918 -0.001180449 0.999554992 -0.029806729 -3.053967237 -0.577029049 0.023663016 0.816380739 91.990760803
0.853505969 0.016646449 0.520817101 56.481998444 -0.004397525 0.999684095 -0.024745496 -3.060306549 -0.521064460 0.018830122 0.853309572 92.408752441
0.884182572 0.012607846 0.466971397 56.667324066 -0.005403913 0.999844909 -0.016763009 -3.084306479 -0.467110306 0.012298088 0.884113550 92.846778870
0.908369243 0.013115246 0.417963296 56.797836304 -0.009087581 0.999891102 -0.011625278 -3.098711491 -0.418070257 0.006761770 0.908389509 93.281829834
0.927778244 0.014526465 0.372849107 56.894767761 -0.012744155 0.999892533 -0.007244632 -3.125826597 -0.372914284 0.001969765 0.927863717 93.651329041
0.942556143 0.021404162 0.333361447 57.004142761 -0.020720467 0.999769568 -0.005606610 -3.129312515 -0.333404630 -0.001622858 0.942782462 94.096107483
0.954227567 0.025143081 0.298022717 57.113639832 -0.024367392 0.999683082 -0.006318565 -3.139324665 -0.298087150 -0.001232687 0.954537868 94.565650940
0.963267803 0.027294766 0.267151862 57.220119476 -0.026582118 0.999626875 -0.006284378 -3.141441822 -0.267223716 -0.001047923 0.963633955 95.044639587
0.969297469 0.021066992 0.244987026 57.326511383 -0.020352377 0.999778032 -0.005448487 -3.157149076 -0.245047435 0.000295136 0.969511032 95.525161743
0.972425520 0.017450215 0.232559875 57.394412994 -0.016753973 0.999847293 -0.004968864 -3.165707827 -0.232611075 0.000935548 0.972569406 96.001617432
0.975710630 0.021476639 0.218008012 57.514202118 -0.020767923 0.999768972 -0.005541963 -3.164639235 -0.218076676 0.000879779 0.975931227 96.504844666
0.977823913 0.027365927 0.207633197 57.610675812 -0.026893126 0.999625325 -0.005100011 -3.176294327 -0.207694963 -0.000596993 0.978193462 96.997215271
0.978836656 0.034848433 0.201654032 57.698471069 -0.034233700 0.999392509 -0.006536238 -3.180747747 -0.201759294 -0.000505454 0.979435027 97.510490417
0.979142785 0.041311122 0.198929265 57.787216187 -0.040126730 0.999144733 -0.009983411 -3.191747189 -0.199171543 0.001792804 0.979963005 98.037940979
0.979288161 0.042011999 0.198064938 57.888385773 -0.040305935 0.999107420 -0.012639168 -3.205377102 -0.198419154 0.004394195 0.980107427 98.575691223
0.978772759 0.040189631 0.200969353 57.994270325 -0.037819616 0.999162495 -0.015620118 -3.222139835 -0.201428801 0.007687963 0.979472995 99.124984741
0.978192389 0.039059293 0.203995302 58.124591827 -0.035269488 0.999131620 -0.022182034 -3.230199575 -0.204684570 0.014503488 0.978720546 99.606468201
0.977446795 0.039246824 0.207502812 58.254619598 -0.034403332 0.999045908 -0.026900623 -3.241302252 -0.208360597 0.019155143 0.977864504 100.169769287
0.976334810 0.044350699 0.211667985 58.373504639 -0.039490558 0.998851418 -0.027135674 -3.247529507 -0.212628350 0.018134616 0.976964831 100.752899170
0.974898338 0.046878014 0.217659667 58.496273041 -0.043033149 0.998823106 -0.022373907 -3.271522522 -0.218452349 0.012445704 0.975768268 101.342826843
0.973805785 0.045073729 0.222869143 58.617542267 -0.042257544 0.998955369 -0.017391376 -3.298254251 -0.223420218 0.007517921 0.974693239 101.944305420
0.973173499 0.040899996 0.226407856 58.769145966 -0.039133273 0.999158442 -0.012288044 -3.308539867 -0.226719901 0.003098319 0.973955095 102.553070068
0.972350538 0.038581248 0.230316982 58.913715363 -0.037883833 0.999254346 -0.007451113 -3.325351000 -0.230432719 -0.001480196 0.973087132 103.184692383
0.971560001 0.033757806 0.234374925 59.055309296 -0.033016026 0.999429703 -0.007089077 -3.329316139 -0.234480575 -0.000850664 0.972120464 103.827239990
0.971843421 0.030060267 0.233702287 59.235115051 -0.028555511 0.999543965 -0.009820499 -3.355147123 -0.233890921 0.002870500 0.972258627 104.480590820
0.971920371 0.029401703 0.233466029 59.390213013 -0.026149206 0.999513209 -0.017015094 -3.369282007 -0.233852670 0.010432365 0.972216070 105.136657715
0.972122133 0.031454090 0.232355833 59.547050476 -0.026639229 0.999360979 -0.023831582 -3.383852482 -0.232956961 0.016977429 0.972338855 105.796485901
0.972534537 0.034817033 0.230139777 59.695831299 -0.029385071 0.999203742 -0.026989298 -3.402033091 -0.230896220 0.019485351 0.972783267 106.473159790
0.973138511 0.032764945 0.227876827 59.852909088 -0.028234594 0.999334097 -0.023113178 -3.415642977 -0.228482381 0.016058315 0.973415613 107.173484802
0.973654330 0.028554885 0.226234153 60.019889832 -0.025786404 0.999552131 -0.015183615 -3.438408375 -0.226566404 0.008949828 0.973954618 107.885948181
0.974233449 0.029183572 0.223645821 60.187500000 -0.027780848 0.999569654 -0.009416596 -3.465575218 -0.223824382 0.002960892 0.974624991 108.618362427
0.974452257 0.032578319 0.222219408 60.339832306 -0.031041119 0.999463916 -0.010407579 -3.479681253 -0.222439334 0.003243750 0.974941134 109.353286743
0.974714339 0.038477276 0.220116854 60.489398956 -0.036083274 0.999237895 -0.014887840 -3.489035606 -0.220521942 0.006568854 0.975359917 110.096138000
0.975614786 0.039552756 0.215896592 60.658485413 -0.036045644 0.999146819 -0.020159395 -3.507890224 -0.216509745 0.011885673 0.976208091 110.840164185
0.976502180 0.038187474 0.212097272 60.819557190 -0.034029923 0.999151051 -0.023219356 -3.524060965 -0.212803900 0.015456098 0.976972699 111.623176575
0.977423906 0.035614613 0.208264619 60.978141785 -0.031746037 0.999256253 -0.021889411 -3.541795969 -0.208889306 0.014783657 0.977827549 112.398986816
0.978220761 0.031449303 0.205170870 61.136531830 -0.028025987 0.999415576 -0.019570623 -3.570615292 -0.205666453 0.013394273 0.978530467 113.171371460
0.978685856 0.031738877 0.202895731 61.301860809 -0.028912760 0.999439418 -0.016878514 -3.590306759 -0.203317687 0.010652487 0.979054868 113.971984863
0.978916228 0.027755624 0.202367529 61.463920593 -0.025437808 0.999577701 -0.014045823 -3.618126869 -0.202671915 0.008601898 0.979208946 114.761444092
0.979120493 0.023148648 0.201958552 61.633331299 -0.020988094 0.999697387 -0.012833183 -3.635128021 -0.202194497 0.008326507 0.979309976 115.563804626
0.979330122 0.022506330 0.201012477 61.793010712 -0.020579610 0.999720097 -0.011669919 -3.647271395 -0.201218858 0.007291945 0.979519188 116.366394043
0.979128659 0.029272012 0.201122403 61.962413788 -0.027145263 0.999542713 -0.013324822 -3.665095091 -0.201420471 0.007587195 0.979475498 117.181121826
0.978744268 0.033516977 0.202327043 62.100509644 -0.030765921 0.999386609 -0.016727626 -3.689184666 -0.202763602 0.010147291 0.979175150 118.001647949
0.978277564 0.042117171 0.202975869 62.262218475 -0.039180655 0.999061525 -0.018465690 -3.706611156 -0.203563094 0.010111844 0.979009628 118.801429749
0.977329135 0.048875961 0.206007019 62.427982330 -0.046168633 0.998772681 -0.017931543 -3.734571695 -0.206630602 0.008013959 0.978386223 119.678176880
0.976819754 0.051022593 0.207893893 62.605487823 -0.048989508 0.998687863 -0.014919738 -3.768119097 -0.208382353 0.004389277 0.978037596 120.508232117
0.976288080 0.051865999 0.210170090 62.790161133 -0.049736101 0.998643517 -0.015410747 -3.800027609 -0.210684285 0.004592289 0.977543354 121.335563660
0.975698709 0.050786208 0.213149667 62.949108124 -0.047795076 0.998673260 -0.019166026 -3.812259197 -0.213840246 0.008512763 0.976831555 122.183975220
0.975673079 0.044757310 0.214613169 63.140087128 -0.041940778 0.998963952 -0.017661789 -3.842603922 -0.215181321 0.008231089 0.976539433 123.013999939
0.976049364 0.037327219 0.214322820 63.348464966 -0.033950612 0.999234915 -0.019415513 -3.866714954 -0.214883566 0.011674110 0.976569891 123.853317261
0.975774765 0.036930684 0.215637833 63.525825500 -0.033584792 0.999252200 -0.019161165 -3.898438931 -0.216184199 0.011454831 0.976285398 124.699073792
0.975225091 0.039580438 0.217645213 63.706882477 -0.036813620 0.999181688 -0.016754245 -3.916967630 -0.218130261 0.008326852 0.975884140 125.555290222
0.974779367 0.041795149 0.219222248 63.887527466 -0.040343832 0.999124229 -0.011094734 -3.936659813 -0.219493970 0.001970654 0.975611866 126.405120850
0.974361062 0.045699690 0.220299974 64.056526184 -0.045398835 0.998948216 -0.006431082 -3.968099356 -0.220362172 -0.003735167 0.975410998 127.230819702
0.974256635 0.045175571 0.220869198 64.253776550 -0.043271389 0.998972774 -0.013454692 -3.983791351 -0.221250147 0.003551007 0.975210607 128.068527222
0.974474788 0.040124532 0.220882148 64.427703857 -0.034980588 0.999019086 -0.027152361 -4.015535355 -0.221754953 0.018732704 0.974922478 128.869934082
